login,password,firstName,lastName,adress,cityStateZip,creditCard,expDate
rrr,rrr,rrr,rrr,rrr,rrr,12345678,111
1111,1111,1111,1111,1111,1111,1111,1111
2222,2222,2222,2222,2222,2222,2222,2222
3333,3333,3333,3333,3333,3333,3333,3333
4444,4444,4444,4444,4444,4444,4444,4444
5555,5555,5555,5555,5555,5555,5555,5555
6666,6666,6666,6666,6666,6666,6666,6666
7777,7777,7777,7777,7777,7777,7777,7777
8888,8888,8888,8888,8888,8888,8888,8888
adm,adm,Admin,Admin,Heap,Stack,A,A
1234,1234,Rick,Schnaider,Local kitchen,Krailschaine,1234,1234
